[INSET1]
INS1PAR_CAPTION=LIPL RWY31L/3.0°
INS1PAR_Glide=3
INS1PAR_Glide_Dev=5
INS1PAR_Radial=311.2
INS1PAR_Radial_Dev=10
INS1Par_Distance=20
INS1Par_Elevation=311.6
INS1Par_DA=562
INS1Par_THRHLD=1033
INS1Par_Lat=45.3153330758208
INS1Par_QFE=0
INS1Par_Orient_Right=0
INS1Par_Long=9.92266955272397