[INSET1]
INS1RadarRotation=0
INS1VIEW_TYPE=2
INS1PAR_CAPTION=LIRM RWY06R/2.6°
INS1PAR_Glide=2.6
INS1PAR_Glide_Dev=5
INS1PAR_Radial=56.4
INS1PAR_Radial_Dev=9.99999999999998
INS1Par_Distance=20
INS1Par_Elevation=18
INS1Par_DA=278
INS1Par_THRHLD=1070
INS1Par_Lat=41.1521370081187
INS1Par_QFE=0
INS1Par_Orient_Right=1
INS1Par_Long=14.1363212356073