[PREFS]
AircraftHorizontal=120
AircraftHorizontalPR=100

[CENTERPOINT]
Center_Point_Lat=44.4059819708063
Center_Point_Lon=7.88205061143535
